A: 181.5642
alpha: 1.18511
E_Piv: 0.1
E_Peak: 1.809619

E_min: 0.01
E_max: 50