A: 9.3607336
alpha: 1.411103
E_Piv: 0.1

E_min: 0.01
E_max: 100